,SNP1,SNP2,SNP3,SNP4,SNP5,SNP6,SNP7,SNP8,SNP9,SNP10,SNP11,SNP12,SNP13,SNP14,SNP15,SNP16,SNP17,SNP18,SNP19,SNP20,SNP21,SNP22,SNP23,RBP4,年龄,孕次,产次,身高,孕前体重,BMI分类,孕前BMI,收缩压,舒张压,分娩时,糖筛孕周,VAR00007,wbc,ALT,AST,Cr,BUN,CHO,TG,HDLC,LDLC,ApoA1,ApoB,Lpa,hsCRP,SNP24,SNP25,SNP26,SNP27,SNP28,SNP29,SNP30,SNP31,SNP32,SNP33,SNP34,SNP35,SNP36,SNP37,SNP38,DM家族史,SNP39,SNP40,SNP41,SNP42,SNP43,SNP44,SNP45,SNP46,SNP47,SNP48,SNP49,SNP50,SNP51,SNP52,SNP53,SNP54,SNP55,ACEID,label
SNP1,1.0,-0.03190947751907121,-0.051674890337657146,0.03164901916680985,-0.05613196150287866,-0.048741382526897706,-0.041621604731730315,-0.01786780891856348,-0.018246577703389576,-0.006113218170539847,-0.036525551248311236,0.0011602500909525138,-0.01731668910736101,0.00505511190663908,-0.0002825485622330979,0.0016465320859260512,0.021040020748404213,-0.060954833561511976,-0.061216408794073536,0.001057895571905936,0.005733706237243083,0.02688485287325281,0.08678758851160838,-0.09104489469898283,-0.013136498823212137,-0.09887373087751145,0.002218005716833945,0.04291133758089456,0.0027838851494733285,0.017751867606964546,-0.009382113993225645,-0.013661106803245403,0.00647738099853085,-0.008020829712390954,-0.03744065681447783,0.002251911654990015,0.003185921855472095,-0.015835325762679712,-0.03321132910894827,0.010690773984172073,0.014495458426767908,0.05214633403176562,-0.012165865552570772,0.005768759683245647,0.053266437700154906,-0.057230166752847034,0.030872911804539525,0.05710504346652049,0.04698926073271508,-0.059731580559800476,-0.038198330997928895,-0.00866433521708683,0.02610601189832067,0.016535368985652457,-0.9999999999999999,0.025225625581941316,0.0023297502024103673,-0.012085123650314535,-0.019363553003995608,-0.03853555797744491,0.0041344845708276585,-0.013909301369482447,0.02578219656239589,7.924362740199535e-05,-0.007475220896235943,0.038450681654959754,0.009499004367080956,0.010847266565909905,0.017058255203327377,-0.003954307241008779,-0.04779858735065775,0.012795922495967102,-0.04542839809418572,0.0059060338945944105,0.005251089106504182,-0.07772340218655728,0.04078989716130452,0.021423538036931342,-0.002144726783451762,0.030045893168470717,0.0019393803949999343,-0.009513980735403998,0.020073627650008155,0.03526236016730954
SNP2,-0.03190947751907121,1.0,0.030218730045144655,-0.020954157349953453,0.06410755731265314,-0.028645651559433494,-0.007580626173776688,0.015751260808692713,0.018151285738842702,-0.007771896009144352,-0.008086936840464258,-0.06452116505533935,0.03905019685130428,0.02167500064286492,-0.0336129058052511,-0.04752868101186614,0.037188038694000385,0.001994837476234537,-0.005761348166309021,0.008189151341704424,-0.011033634176320688,-0.04362173760003337,-0.000758074162466095,-0.06332719990299925,0.01318123266300736,0.009134343579288043,-0.04978684475433079,-0.006939061133938168,-0.04996755944010759,-0.04532892750669876,-0.04759068198701792,0.028293884787805503,-0.0032491657312798843,-0.02008747116621442,0.057624104020298134,-0.02714324665947497,0.051663216096974766,-0.02695926935907092,-0.006142461911959692,-0.002624820438130421,-0.04728139019072168,-0.04700631944766855,-0.013450114858618006,-0.017329490859238926,-0.03868444460782904,-0.018225654280708433,-0.05311460679305059,-0.031049905352125595,-0.06123470952461363,0.033346821721187574,-0.015996407755089752,-0.045601944717746645,-0.0210763744280719,0.009524993432158055,0.03137485524826221,0.003450522106971577,0.024855654247371226,0.01804832565737613,0.05577266043373349,0.0014528320566510847,-0.05155515352342885,-0.028410735631151537,-0.008910325266754069,0.004152366075864557,-0.039407532495418215,0.058641537415517475,-0.003730650477464769,0.07358642680247164,-0.04085188124824285,-0.01466570671955365,0.024222516577820215,-0.02900360675292053,-0.01185693363502318,0.025005873298124266,0.018948803181654154,0.039356907557352494,-0.0360170049751608,0.007499780482649877,0.0009780536030974186,0.0249018945459296,0.06922351932702105,0.08119587335682141,0.016807189982720162,-0.01647820195719215
SNP3,-0.051674890337657146,0.030218730045144655,1.0,-0.004398533680392701,0.01799995171736959,0.015230535251029055,-0.047347975866030755,-0.1390033993700969,-0.13340407027514403,-0.09886102476154346,0.1035071492619291,-0.03012836917202727,-0.02588160127728672,-0.05414440819918602,-0.008228242472737804,-0.0241269798087061,-0.014612856788881457,-0.009103247626338826,-0.007506504781885267,0.002820495173398562,0.08844024881280758,-0.09639934015823448,0.08172830877510247,0.09514148064490187,-0.013472453010801367,0.030679220832093637,0.010187528602730877,0.0003612877631901329,0.03046996157348089,-0.012092040483976997,0.03754346263669298,0.011988123990249665,0.01397802981106322,0.07848112259167113,0.0503915868683287,0.01993784339443989,-0.019350749612583387,0.042944766504843794,-0.005382506776653004,-0.07381328897323776,-0.07566760002603404,0.060915587248458074,0.03966385167383206,-0.004173729281082944,0.07465293717349991,-0.0088893385402477,0.03112408836670399,0.038996261861780124,0.05853501583514217,0.027483018536889694,0.04907701367092198,0.08709875082162138,-0.017836832307533204,0.007429000378430419,0.04869812001706286,0.008217374378788434,-0.018062983378053413,0.03889842932333056,-0.029872863194501654,0.042943546517480634,0.006281952703491809,-0.03874730690195825,-0.053228236651382606,0.018815638674883704,-0.009878421003268646,-0.00834472996562208,-0.00483289246234415,-0.01076120813219548,-0.05513118048600963,-0.06406757100484185,-0.06870661523488505,0.03107599585202292,-0.00824253529717802,0.010436639408360301,0.010616485694379974,-1.6494495366107043e-05,-0.013542273127339455,-0.01683240850286772,0.014193990730467591,-0.02821666064211318,-0.08136804732859627,-0.0683822420014883,0.056763626700882294,0.03105972727819536
SNP4,0.03164901916680985,-0.020954157349953453,-0.004398533680392701,1.0,0.05489890873037314,0.003165160053465673,0.0011503687050061471,0.09344978156001296,0.10530177352010053,-0.027966086054915632,-0.019156151056366356,-0.034138838583924684,0.012577277044562903,0.011092285619175317,-0.07663891044594633,0.0348300085482568,0.07522313307095334,-0.009737820561337956,-0.021257406805238188,0.039224216227177644,-0.10342042059964256,0.004022692365172152,0.026934255782895277,-0.00951157948115424,0.023471070430293502,0.05583915523031154,-0.0006009957883920047,-0.06737591323496049,-0.049863382091530115,0.025563465004728878,-0.013278424793616647,-0.024516060485799077,0.034410206007585355,-0.014354886031218667,-0.035124065362661,-0.008888794179892821,0.016548332119685014,0.010945428529880083,-0.008112517001753325,0.010826046123198272,0.01736168880831269,-0.020709471119049555,0.0010344858362186598,0.008144381332628244,-0.006599328573185034,0.013728088258796418,0.0045790120470163,-0.004458710079128803,0.004804408242523679,-0.0372214730279729,-0.061107942759609624,-0.0015682123104820232,0.022672204717336848,-0.17115214492234213,-0.038468826260663246,-0.02248828729068897,-0.021539973925300448,-0.07481482948453891,0.014709982234132722,0.0007798795169776402,-0.09704438738484816,0.005824422578192053,0.011354871733659786,0.03224738473086243,0.019220942875752135,0.021495995540975914,-0.024593087984663666,0.01779728628617959,0.039742705766346094,0.031644439731958525,0.002502663756296771,0.024324479593937225,-0.05027231394766473,-0.01902436216605785,0.03873609565841347,0.03786466874730136,0.008037273590112342,0.0014410206480476638,-0.008866629478374737,-0.0060647254650090035,0.04068040569825301,0.024086258061532338,-0.041448873239219926,-0.015792927540020377
SNP5,-0.05613196150287866,0.06410755731265314,0.01799995171736959,0.05489890873037314,1.0,0.04697423028001053,-0.02184978580982211,0.0030552746332310515,0.005033602804795571,-0.011278709033739119,-0.03204905343216091,-0.04271804496613374,0.0012710512256517315,-0.035295965804032076,0.026456988547115992,-0.05157737465507633,0.026078570370940697,-0.03777222345196399,-0.04272219287588939,-0.048132355519043296,-0.07598509559253866,0.009979787400102753,0.03070035287506628,-0.028678393413094444,-0.016595430926058728,0.047168353058545984,-0.016264728512275794,-0.027203772280159993,-0.005652026401787834,-0.024256391767858782,0.010469755344240765,0.05035029411101831,0.06622377499825384,-0.020888351704668136,-0.045355505688589724,-0.0019477734033107358,-0.003290847932454736,-0.006232692063273456,0.010933839891556331,-0.0015549015070233545,0.05259651420474367,-0.07297524481589691,-0.024494180863648456,-0.016509190546535435,-0.061998334577834095,0.023305517325338015,-0.04172166060549087,-0.03676082950250405,0.0009217700311629721,0.04222797031450485,-0.03255939245473894,-0.0029578435254278613,0.012893978404170654,0.006727646608403509,0.05459711944983141,0.06397003464761804,-0.06781113906612285,-0.01624590610677048,0.016947210725515496,0.04670229544777704,0.0019234275136138337,0.03334098229422301,0.01980419609596067,-0.07083881385835418,0.06197362903999968,0.007902369473965299,0.009696204413252963,0.01456649925051382,0.1276641769813142,0.017392990811474895,0.01567666123643783,0.028316168001605205,-0.032741385609656455,-0.0349490427696453,0.047826127542171366,0.05157853267905334,-0.06161444722303952,0.042868696287583524,-0.00815569166260568,0.011672222200484446,-0.04143043089340958,-0.10865255928090076,-0.06805369570599024,-0.0009872241324336067
SNP6,-0.048741382526897706,-0.028645651559433494,0.015230535251029055,0.003165160053465673,0.04697423028001053,1.0,-0.017761558097893124,-0.02343654526025374,-0.027420393190336925,0.013983940647191002,0.042778367074721144,-0.024421702146642407,-0.033491919270444453,-0.04449047355257615,0.015156508034837332,0.04301748666402211,0.03869906363171727,0.01232939383100887,0.009903846079255011,0.041971759572723526,0.04163803688435201,-0.05485524334524363,-0.045037709901150844,0.03607941568095792,0.007295377694225359,-0.006274194058196399,-0.02916404341572831,0.029487088370358294,0.09809961937651637,0.018628399584144546,0.08408071486136892,0.037637953034053914,0.009899049019763575,0.11944159151677235,-0.023931442375560122,0.04955553356620351,-0.03045616867967579,0.04432502269820987,0.05421868312965029,0.011673208929563,0.02776946701586593,-0.000866003908761806,0.03356770735376306,-0.002285535530287031,-0.00779819798792258,0.01949386525964035,-0.009138116487053899,0.02011192517680723,0.04079884488648855,-0.008414021844293771,0.0733479400323559,0.02134310106172156,-0.015019147579556169,-0.002231997636732383,0.0513271800858495,0.011805304593696367,0.01858525236206878,-0.007489499609064973,0.03992272750942473,0.05632459536259591,0.006536364994499162,-0.0265552213677519,-0.007044588370811483,-0.04348372312591976,-0.014839777229838504,0.017143399895748843,-0.0055434359199598975,0.050557987589622384,0.02353567584979217,-0.05130837540571619,-0.00620536979777609,-0.014640392585138747,0.037174273389446996,-0.03088681623232662,-0.016639219235740722,-0.038221926507290456,-0.007741418117360939,-0.01965948427291971,0.027544058200520884,0.02489293584281334,0.06305938925517368,0.043428400252095316,-0.06334871678757528,0.044326572515078065
SNP7,-0.041621604731730315,-0.007580626173776688,-0.047347975866030755,0.0011503687050061471,-0.02184978580982211,-0.017761558097893124,1.0,-0.00827799129314459,-0.0099348212407363,0.006039571812908277,0.002739364462516786,-0.04835367640394742,-0.014306600112218194,0.007685904964320932,-0.041217571867519454,-0.0014023334808174143,0.02738003633313799,0.017533599561984373,0.01428938893243052,0.018866545616844446,0.003342867551185657,0.05610872707072122,-0.04604039903496731,-0.09261005217872242,-0.0020163504970723547,0.007587897285365698,0.029680570056269066,0.0015266565385588537,-0.017987180771741555,-0.023201908953867593,-0.011365660702639002,-0.0035680494613996487,-0.033438825164920256,-0.022066279196250302,0.013793082700526049,-0.013622148785874904,0.00775407125820516,-0.021548586238524667,0.016318216365700515,0.011096378973541975,0.029612527881709177,0.06357186003974727,-0.08174207502733476,0.06429731014174528,0.07796981766748219,0.01387022812272202,0.036608574828407056,0.055923522045820115,0.018609631125446363,-0.04180825814869852,-0.044763127302559574,-0.07646440974721097,0.005831789805990094,-0.03620433288163943,0.04890417037050597,0.019404995220054084,0.01632780815376079,-0.011614344684948898,-0.07100640770223135,-0.0018137706221701758,0.05657163825582504,0.019587872071568042,0.050272839764478605,0.035511874025795344,0.043784974864210874,0.01407496718971966,-0.004448266653494307,-0.020496493532455962,-0.04359380850616318,0.017934437843451338,-0.03510356902948726,-0.04658444070967718,-0.02659017459500849,-0.014512888101630166,0.0467865946783751,0.016281229891659872,0.05028728784261626,0.023670513945093133,-0.044547840843820866,-0.027959892313327423,-0.04582092082395779,-0.040019997468267884,-0.07774737236067662,0.0034356385495787484
SNP8,-0.01786780891856348,0.015751260808692713,-0.1390033993700969,0.09344978156001296,0.0030552746332310515,-0.02343654526025374,-0.00827799129314459,1.0,0.9711871506822901,0.4059209146819833,0.005808065073522689,-0.05322740602801213,0.04186027947833048,0.03601536317270105,-0.004036542447759158,-0.012013412344154529,0.052538932480452216,0.051562444195927995,0.06427825536611184,0.0626361137001143,-0.670966378514994,0.04238505766512542,-0.12196755473765222,0.06004670969493942,-0.033651862631226145,-0.011942470393800928,-0.06950743559516047,0.004327360061306872,0.016744737269078006,0.038744836545381134,0.008748401217637015,-0.005645417196276894,0.011546765793457236,0.1217159570202068,0.0014804226088097824,-0.00529913226642365,-0.009016390811101586,0.03361345221043806,0.008898191015777206,0.03639395293970951,0.03275295540548623,-0.01259009477742165,-0.013529958511656209,0.04319361732286247,-0.019937689144208966,0.08264558722439835,-0.0044299055757005415,0.001601050776567205,-0.021674708925294862,-0.04105913926215609,-0.036218261292563954,0.019720592160572186,0.023177627566684827,-0.027653381265321315,0.023427301647955798,0.007712287400943003,-0.014368653072936142,0.03260829861966149,-0.09008111760431481,0.005031180303615007,-0.025305936276289333,-0.007660264262169549,0.038952952716097035,0.018086685901878376,-0.0028847121224273072,0.027232958721645873,-0.014551899297882873,0.009875181088505741,0.026628894639284917,0.05334000017068801,0.02050274552693114,-0.003075778127578773,-0.050362071784595425,-0.009614770753316432,0.044896163896632084,0.03265247661749877,0.02836583925370095,0.046821677695381564,-0.0494166878777674,0.04132160988123633,0.03160695906660492,0.0007842387222836817,-0.0011058274691457615,-0.005566976876142497
SNP9,-0.018246577703389576,0.018151285738842702,-0.13340407027514403,0.10530177352010053,0.005033602804795571,-0.027420393190336925,-0.0099348212407363,0.9711871506822901,1.0,0.27389491350201606,0.0022606705477721365,-0.055910420223467726,0.04608914367979309,0.04014946749840869,-0.0061184499812679035,-0.016023726816631875,0.050460249018927414,0.046845203580184944,0.05882441244546537,0.05991275875309756,-0.6749018967787087,0.043645571695146976,-0.1177530172337716,0.017925556804328353,-0.035818903802510585,-0.017424905824212616,-0.06780792260063745,0.0014100922456022412,0.013163595128029535,0.04292913150498695,0.007690684799195549,0.004095728421517538,0.021848252289991578,0.12355305214634311,0.008797024090483368,0.004492960328350806,-0.012555906774797588,0.03370477051228553,0.011157460716941688,0.041971114172755716,0.03056605571045439,-0.018146046084383367,-0.014587507351667481,0.044566715724181014,-0.024964523787397486,0.09139382160261264,-0.00812847208640261,0.008952652075708164,-0.01652972650343041,-0.03963379835396316,-0.0339477567082473,0.021395964913749007,0.029347335241411497,-0.026093019081274416,0.024143418645986528,0.002008667199247722,-0.009568175329675072,0.032714275772426686,-0.0852474096332281,0.005475276054245902,-0.030195185561599745,-0.005533630333636435,0.03724102336577114,0.01912449241493609,-0.0048102155121711706,0.026678968720907033,-0.012937254041433437,0.006835836865740014,0.025447979289809172,0.048804421351701634,0.01823941282221351,-0.0024844814811713196,-0.053927129865436865,-0.01555383919253716,0.04558067921691084,0.030380774361700256,0.023984530992464073,0.044034188472027086,-0.048338840987269975,0.03829254319646288,0.03723996952710029,0.002566078215675319,0.0012360777670600044,0.004576568758438936
SNP10,-0.006113218170539847,-0.007771896009144352,-0.09886102476154346,-0.027966086054915632,-0.011278709033739119,0.013983940647191002,0.006039571812908277,0.4059209146819833,0.27389491350201606,1.0,0.025332837117287434,-0.00823600792750107,-0.007014923571939314,-0.010491887724468369,0.010918109339186176,0.01986043250963606,0.036764078672578276,0.051443862268524605,0.06206998234836397,0.04621572147851334,-0.2403036222866576,0.011672595426686652,-0.08429746762683565,0.20475708983698052,-0.002798709144757936,0.029954178994837648,-0.04292056119946077,0.021219229562665105,0.03079766797026986,-0.008830453079037877,0.01037587112488667,-0.06599605932506628,-0.06210921477815247,0.019894447445579833,-0.04794410133234925,-0.06347324527311012,0.01841791151362928,0.014097833534346741,-0.009165951985723463,-0.01793991756869168,0.027572444645541757,0.030579034149529262,-0.0006130864888674411,0.010803766598804249,0.0233737994461374,-0.013599469702623369,0.02155858771652786,-0.045145137879263816,-0.04177051944402922,-0.027997801709760625,-0.030737274498754123,-0.001320882872006517,-0.028344770390036616,-0.02262204031199214,0.006740077186155326,0.039320281053324864,-0.03502786827191214,0.01407677679883789,-0.07137916984581485,-0.0005228012512751754,0.019195923510886566,-0.016742351428670747,0.028302361249893365,0.0016975934456633095,0.010814333873605813,0.016107328991390068,-0.016699007993725725,0.02372196937536216,0.019511505566504307,0.053326826373637684,0.023276110374767945,-0.005055894680843435,-0.0006161359727217591,0.030992811473734626,0.01622610592096807,0.029982329543845436,0.04012420455600743,0.038242330134641,-0.029491144625732726,0.03744255745395424,-0.02330869118165868,-0.01169681227418474,-0.015616001482317501,-0.06493270532134464
SNP11,-0.036525551248311236,-0.008086936840464258,0.1035071492619291,-0.019156151056366356,-0.03204905343216091,0.042778367074721144,0.002739364462516786,0.005808065073522689,0.0022606705477721365,0.025332837117287434,1.0,-0.017334373355523815,-0.008594472733782891,-0.028871722721549954,0.01460044125493041,-0.01580335580431441,-0.004042654767675966,0.022229475778767396,0.029150621326774716,-0.01900822317479436,0.032976094445850285,-0.03215962960876614,0.025284322223765126,0.0025757275305087336,-0.004419348468954121,0.06874909329147652,0.028202307012090866,0.037715955661931144,0.08711901860923921,0.043893511427698505,0.07523384997845022,-0.05035083441498274,-0.026743883818437193,0.035162185691969605,-0.03012077894430547,0.02200544727266143,-0.04033544976064136,-0.01725264529826694,-0.07467145856775931,-0.03825724295746739,-0.013806193199638139,0.039714145197871906,-0.019217339032546975,0.01991300987072984,0.03935743825876701,0.021622650832597436,-0.005998610008761996,0.0161036972319446,-0.1068593408216969,0.06535906608961271,0.007351131482518347,-0.044919302242960105,-0.048176894742290144,0.025473652438113826,0.034846968492291366,-0.006074018674587295,-0.03389302246242542,0.030423587195913527,-0.07100833894486684,-0.00400183579427019,-0.06400567222558726,-0.07253082642585432,0.003610691248512575,-0.021050550130645763,-0.03614877446076906,-0.062285896395068034,0.02863179879394094,-0.0538595883955452,0.03810713354219711,-0.041512242298124065,0.030614109086448647,-0.0006619688081339916,0.038831595088117864,-0.019795960198593605,0.028168232091623068,0.016761179223510118,0.009870915948430889,0.01501658224945221,-0.031171803566344195,0.007844894320288114,0.02011285391711466,0.026909508746319005,0.04494449210442672,0.048112227155864495
SNP12,0.0011602500909525138,-0.06452116505533935,-0.03012836917202727,-0.034138838583924684,-0.04271804496613374,-0.024421702146642407,-0.04835367640394742,-0.05322740602801213,-0.055910420223467726,-0.00823600792750107,-0.017334373355523815,1.0,0.05357990189486663,0.04173340648261264,0.031567128482943435,-0.02919115111281866,-0.016229077614764414,-0.013872045720741489,-0.01764854692920378,0.025852743831773675,0.09630157213813385,-0.0076768066083276075,-0.006121642385957573,0.002933806445959388,-0.006883633279783094,0.04717922030752128,0.0025135122674382945,0.04898435086037688,0.030260339753311345,0.02523376766867869,0.01645035974922336,0.03763773125998463,0.008990674856518438,0.04935596103658199,-0.006251235520594335,-0.010403321238760211,0.03508465882191223,0.016958924714686942,0.015521770889813033,-0.0021701026959105338,0.014330310866082087,-0.01705549591757505,0.00917544964936097,-0.00695604057858452,-0.023497972760799145,-0.010884578086393676,-0.013881552706644094,-0.08129679080768185,0.04010282858141002,-0.029864691027276347,-0.029873172806491106,0.034502639709578044,0.0471451935445199,-0.03434895246733991,-0.005145170505414709,-0.02925619202203916,0.023055920760256515,-0.053171240908083756,0.07219111812016482,-0.06371030971180656,-0.06430166457836517,0.0315006153789976,0.056056952361900975,-0.006251784676492244,-0.0023554399083023166,0.018188795730507867,-0.040201918421535345,0.02007918883676595,0.0029100990011341147,-0.02088128270997605,0.018114109582240148,-0.006548851347915595,0.0006062423624074831,-0.05556632983802773,0.02188376179715595,-0.016689091366033432,0.052322410778591316,-0.023079213141910804,0.021201822671045607,0.007275201104135861,-0.07232797859619863,-0.023979844616143536,0.0023801976625858604,0.025750841473624123
SNP13,-0.01731668910736101,0.03905019685130428,-0.02588160127728672,0.012577277044562903,0.0012710512256517315,-0.033491919270444453,-0.014306600112218194,0.04186027947833048,0.04608914367979309,-0.007014923571939314,-0.008594472733782891,0.05357990189486663,1.0,0.834949211217183,0.04098057469078705,-0.013748774191891952,0.013903825423056031,0.030308442729908253,0.021190660283489152,-0.0006378113411550936,-0.128933265727775,-0.008941897700451928,-0.033075117593212466,0.053555654830269715,0.01758595062474366,0.01730037125176231,-0.013164865149718687,-0.05940978570740257,-0.004380272004306369,0.002540254789313074,0.016734239847921675,-0.0012431283208367589,-0.001996713452471472,-0.12644884987123906,0.010663124868161213,0.04728976713339549,-0.035837928525641084,0.01657481104914853,-0.0726591004262337,-0.04529600561297829,-0.0015651355322831777,-0.019244816893822975,0.023176545683227627,-0.018151683344093377,-0.020341414285021828,0.007741417979512586,0.0027962879390093444,-0.01135304488050371,-0.03657910926649689,-0.06968420616029196,-0.04091050826443812,0.030613290635966024,0.012270068008399094,0.06657875442829064,0.02315280055422243,-0.003263943410226255,0.011277412342539154,0.0014524182689306597,0.04743866640988833,0.008560313895989737,-0.05471852601412485,0.009500395436526124,0.018757533105353868,0.018759257839426342,0.08128812983801892,-0.02988081976055545,-0.020221702403697982,-0.03958136205909839,0.00014471984663917293,0.005142489100939052,0.015890850267756357,0.011053832670972737,-0.022275245299019236,0.009609612882589682,0.08367298842536137,0.014480190296366187,0.03797022996831325,-0.031067466194700338,0.024717863755853112,-0.04906600211950685,0.008751790147960325,-0.0196972768245944,0.054701643310258986,0.06783274011167141
SNP14,0.00505511190663908,0.02167500064286492,-0.05414440819918602,0.011092285619175317,-0.035295965804032076,-0.04449047355257615,0.007685904964320932,0.03601536317270105,0.04014946749840869,-0.010491887724468369,-0.028871722721549954,0.04173340648261264,0.834949211217183,1.0,0.03999409925477311,-0.029389262512556302,0.022012290020110032,0.028923737745228183,0.01798549996587129,0.010427090619007802,-0.09848648367144404,0.020034426775281385,-0.04276947480394295,0.08795442962962449,0.00801845961069599,0.0068744823026850735,0.011761263637277045,-0.027479333397076536,-0.030040692003898774,-0.034669472544698404,-0.027852576572265027,-0.01620754687562621,-0.03436455476650131,-0.1143600172654715,0.03194746008994566,0.0643278799378708,-0.007161539454607238,0.03018134406423447,-0.0811262303065809,-0.026482393852552643,0.0048941793433965285,0.007226875667000493,0.025391102617019847,0.0012665017217080817,0.0019229694636744594,0.025210462911785556,-0.000606478344411239,0.010972945442076127,-0.012761694933324491,-0.043007880877892944,-0.07288969695310168,0.03519379197198034,0.030561027674134846,0.07134396219258723,0.002263107664352884,-0.010819659186486735,0.0007299314857707135,-0.005477395549929251,0.04848410565208852,0.00702881315827468,-0.053746051631571125,-0.015121301736492704,-0.009119247328463654,0.0202304205171086,0.05253271451726716,-0.010696496775877945,-0.02237385658086859,-0.03135829525481659,-0.017107763059076787,0.0013067984514171275,-0.011673307185310365,0.021609127378291085,0.002454991447586936,0.045483298620457004,0.08048792991085653,0.004085650553790991,0.02091798203612771,-0.04238150592006699,0.015755771467767687,-0.03390557017059168,-0.010038345205493338,-0.04731609664837329,0.059543281247363675,0.05296903707563103
SNP15,-0.0002825485622330979,-0.0336129058052511,-0.008228242472737804,-0.07663891044594633,0.026456988547115992,0.015156508034837332,-0.041217571867519454,-0.004036542447759158,-0.0061184499812679035,0.010918109339186176,0.01460044125493041,0.031567128482943435,0.04098057469078705,0.03999409925477311,1.0,-0.004713530638756085,-0.3047649100439256,0.03214487513283214,0.03396641500092214,-0.39234285498226756,0.03239653009927229,0.004982991603248772,0.05608899887930849,-0.12425669578599315,-0.0020186294270947893,-0.011545059191412814,-0.016728095926922842,0.040846470906034625,0.037317323042179246,-0.0052029539034804265,0.01446624692419924,0.025965938395367268,0.039764256583275794,0.06928469378412468,-0.010532064113561076,0.02300268935033928,0.007678602482072234,0.003928374463854325,-0.005640982379373655,0.017558526971256743,0.03211515762269322,0.0021899301437618367,0.010495314649076267,0.008883559114890341,0.005028831814817074,-0.004451573698717212,0.02588877828898905,0.008413619775062914,0.029177213310069162,-0.03195013468338844,-0.005777115077823787,0.0188680622781502,0.02326568921211911,0.058186148543536056,0.008832650371722494,-0.020738462528901883,-0.02465933417207107,0.006460518528751088,-0.023476302242252726,-0.019365843357830245,-0.038447064850555476,-0.025059206715015745,-0.007945049784149142,-0.01678062260842476,-0.02255181193150369,-0.013977387437177188,-0.02177234284356718,0.02443965016742307,0.07664561222097419,-0.04886716163597192,0.034673812007094636,0.02193314590014546,0.007567091933273959,0.021886853991995057,-0.014324027540970532,0.011286630188660945,0.025261097873998894,-0.038354614407106996,-0.03884625179852088,-0.010040030530086138,0.029750983019219617,0.011115988729965366,0.04283373967852879,0.01302428910470203
SNP16,0.0016465320859260512,-0.04752868101186614,-0.0241269798087061,0.0348300085482568,-0.05157737465507633,0.04301748666402211,-0.0014023334808174143,-0.012013412344154529,-0.016023726816631875,0.01986043250963606,-0.01580335580431441,-0.02919115111281866,-0.013748774191891952,-0.029389262512556302,-0.004713530638756085,1.0,0.049716493604955427,0.028500557146545806,0.03395417118537818,0.059222108422058994,0.004604842975736717,-0.08421052947997269,-0.1019644958930725,0.06912290726415758,0.0655299622804254,0.028059676029207337,-0.04872770029711869,0.06673667923879001,0.1074528692892209,0.07129965918218509,0.08775779013481254,-0.009643453894027838,-0.024742417465819396,0.17559950353979806,-0.005284840956422634,0.04212491343736207,0.006425282813326217,0.005702191113226702,-0.007021754061984757,0.08011691733470919,0.001413157133871554,-0.011734053426970124,0.014725277921697182,-0.04456730390035635,0.011703430329668463,-0.0318114997685149,0.027041680392889823,0.027180748988546433,0.030591412733965904,-0.06597918683340973,0.030035843555469684,0.0068977382557753415,0.008193961898127777,-0.05031519258255273,0.0028916497895670724,-0.0030319000416728042,-0.029285375589558987,0.024075365468593443,0.013181110052370703,0.10257459019115509,-0.0019568964357105233,0.05619923665600657,0.022764123580315026,0.017324639317151974,-0.009593840953048377,-0.05790839522886977,0.003761390286782103,-0.02753924880680025,0.0600142722887884,-0.02888004538174617,-0.011338938060102473,0.006156687688511221,-0.046736536457736684,-0.009092194398261741,0.01085520386670942,-0.036520452822149344,-0.0427441185994039,-0.003986618750636338,0.015204112716047795,-0.04849304634364153,-0.029001033213305338,-0.02896351657757678,-0.07943742764529893,0.037299599407493125
SNP17,0.021040020748404213,0.037188038694000385,-0.014612856788881457,0.07522313307095334,0.026078570370940697,0.03869906363171727,0.02738003633313799,0.052538932480452216,0.050460249018927414,0.036764078672578276,-0.004042654767675966,-0.016229077614764414,0.013903825423056031,0.022012290020110032,-0.3047649100439256,0.049716493604955427,1.0,0.048416507187371755,0.046424062457344345,0.12813460910588453,-0.03913872969531839,-0.0399947871132003,-0.038980929724944616,-0.07505504234045378,-0.00846473931585803,0.037812753863849975,0.056576798150046,-0.003929920276718118,0.010558176092062362,-0.0010959397795235043,0.02664106472485227,0.02038676773111859,0.042993604242873976,0.020245420200752026,-0.008207669254306542,0.014700451156708701,-0.002099613037362393,0.004477225569416063,-0.03443242162697622,-0.029526630231278037,-0.012922336121305562,-0.048786039755198345,-0.007644414682319938,-0.01545238336126039,-0.07227985367858422,0.0017460544576136559,-0.05911383087334249,-0.02954510092258427,0.00817214532265171,0.03272761421799821,0.01256550260111479,-0.06968739209486395,0.02642131022238613,-0.029211466522051466,-0.025409430174053657,-0.020659359988613686,-0.006948421639205678,-0.016565334928520366,-0.012738122424359809,0.047919848173891055,0.027062495177508243,0.02396615664917834,0.005070394435284981,-0.012325765209481525,0.01878917390199001,0.06287457385856987,-0.025623111460392763,0.042462410697023494,0.04069093431349944,0.03529830019945478,-0.027596675413319,0.06262007191425552,0.04804402134094892,-0.04006051866977104,0.008898990786480095,0.013460858414000904,0.05426063169552785,0.02284780232214613,0.00496425575784764,0.07274894041540998,-0.0886226414873088,-0.09517003739948271,-0.001442026990981387,0.036330002198121235
SNP18,-0.060954833561511976,0.001994837476234537,-0.009103247626338826,-0.009737820561337956,-0.03777222345196399,0.01232939383100887,0.017533599561984373,0.051562444195927995,0.046845203580184944,0.051443862268524605,0.022229475778767396,-0.013872045720741489,0.030308442729908253,0.028923737745228183,0.03214487513283214,0.028500557146545806,0.048416507187371755,1.0,0.9987068181595214,0.010061168957024573,-0.07078328655622756,-0.01084435230230505,-0.029507028696751165,-0.06229876350199051,0.0071195255243713855,-0.034248088861835745,0.01041714821280112,-0.031225666038060804,-0.043285988107054876,0.0034278521414729847,-0.03191359058804269,-0.07358851296088145,-0.07770008530710214,-0.06099744031561319,-0.016416057534069654,-0.03102147624760186,-0.0425231567367672,0.007123302385051001,-0.019723072091123277,0.012465246287501494,-0.010405940820800668,0.016372911976995874,0.03485196596694709,0.00292067406159048,0.009816985203644506,0.010863257532784637,0.03474901973273312,0.005341558077564558,-0.0397999473938159,-0.02015270936400933,-0.011668248914421865,-0.022061384479308034,0.0183578094352092,-0.06334874515557262,0.062360905296459074,-0.024916437676499016,-0.04517723079719336,0.003492630437677181,-0.007815868871793865,0.013694112128858325,0.02382394524114641,0.027043905940472773,0.015254155326915592,-0.028894249871337475,0.06257199516531167,0.02500283181867503,-0.05682586528599471,0.01489656508869724,0.04677756702013259,-0.03412487135357993,0.05859464324394491,-0.0658701172717754,0.012728836048390474,0.025741316638326985,-0.09204880140567805,-0.03180315773452197,-0.0494893138202997,0.06775513320003927,-0.04994720882188212,0.031127914088900654,-0.057909145653004694,-0.10199843802834441,0.05333394042411923,-0.017343388472460638
SNP19,-0.061216408794073536,-0.005761348166309021,-0.007506504781885267,-0.021257406805238188,-0.04272219287588939,0.009903846079255011,0.01428938893243052,0.06427825536611184,0.05882441244546537,0.06206998234836397,0.029150621326774716,-0.01764854692920378,0.021190660283489152,0.01798549996587129,0.03396641500092214,0.03395417118537818,0.046424062457344345,0.9987068181595214,1.0,0.013125637724961566,-0.07757241994609797,-0.003907407319540112,-0.03577477946345449,-0.061621815238103256,0.004554742364062162,-0.036461206509700674,0.004028421319074255,-0.01978555285558819,-0.03892912488887909,0.004062908986042632,-0.033666737574044245,-0.06665835592128097,-0.07264847819251827,-0.049607485088713085,-0.02641736463988658,-0.030409281464689752,-0.02625479604179037,0.010052688052989376,-0.01639769210986481,0.010251307264329976,-0.0217340366219832,0.008690459320483153,0.037165785648699164,-0.006937180859783465,0.001524730290841482,0.0010187165436729693,0.024882011448763678,-0.0017408255206349103,-0.0342270545428747,-0.011265362086359108,-0.009883901225494795,-0.015390415839890549,0.02710260893679123,-0.06202622894032417,0.06259124565125526,-0.02887152660627924,-0.04636726119647468,-0.006242879342203701,-0.02177152154903671,0.013135407298774583,0.022049130762407075,0.02064406488915889,0.019672937314801478,-0.02513791975914913,0.06446046376237063,0.019075455614028885,-0.045322825482995745,0.009295845350656667,0.046445616334818376,-0.03147245382658394,0.054385969846469734,-0.07017228063292581,0.008350103592964042,0.017676831559637715,-0.10945805699285532,-0.03247869228925567,-0.05553443036797193,0.06515865341712598,-0.06233678226574476,0.034271803655000266,-0.054790745763706114,-0.10171601845918025,0.03293082220729401,-0.008203122743720438
SNP20,0.001057895571905936,0.008189151341704424,0.002820495173398562,0.039224216227177644,-0.048132355519043296,0.041971759572723526,0.018866545616844446,0.0626361137001143,0.05991275875309756,0.04621572147851334,-0.01900822317479436,0.025852743831773675,-0.0006378113411550936,0.010427090619007802,-0.39234285498226756,0.059222108422058994,0.12813460910588453,0.010061168957024573,0.013125637724961566,1.0,-0.07370516637720018,-0.05549105607667509,-0.042335537325127424,0.11644347509592895,0.026745253737156423,0.044649399310170874,-0.11863993551323722,-0.020548131459120492,-0.017339610996963812,0.004909492517930196,-0.003310546815559951,-0.019183648008106912,-0.03797892910166218,0.02323067798629041,0.013800772247558848,0.012372226631186175,-0.0103403054929257,0.0030666199096108125,-0.002768346381678477,0.013483488900590753,-0.03169653543332629,0.015517006039277793,0.006947951491152097,0.04111397833791563,0.011000084509215757,0.02088015460235981,-0.0009012322770510755,0.060274423077363165,0.015434119540049644,0.03375306666158574,-0.00756200311210719,0.00677865207434312,0.011506420456987838,-0.08207064223752802,-0.0041994155944636855,0.07714412723024955,0.015545289679074684,0.03450206028152671,0.0033673346834789497,0.009433783288009097,0.02343097814569843,0.0005863931373959393,-0.001150883903199483,0.051605647676391225,-0.027335445174742443,0.010418307319580697,0.030180126438731154,-0.009978986281079915,-0.02103821430767576,-0.015467700441286883,0.004924879758208633,-0.006596810328036085,0.011567494253931112,-0.02316300002243946,-0.06030614063444221,-0.009141014129748399,0.08440209345043946,0.00316743403315668,-0.019271551147042397,0.005368435107429666,0.0029006453733686475,0.02181857418232667,-0.038056826776446555,0.028303750442150506
SNP21,0.005733706237243083,-0.011033634176320688,0.08844024881280758,-0.10342042059964256,-0.07598509559253866,0.04163803688435201,0.003342867551185657,-0.670966378514994,-0.6749018967787087,-0.2403036222866576,0.032976094445850285,0.09630157213813385,-0.128933265727775,-0.09848648367144404,0.03239653009927229,0.004604842975736717,-0.03913872969531839,-0.07078328655622756,-0.07757241994609797,-0.07370516637720018,1.0,-0.07541578644231753,0.07848403598042854,0.0859788740794405,-0.003791535190421707,0.0013924066284077392,0.0503711508874195,0.025290851288057723,-0.0472612105242821,-0.06875454752882305,-0.03789614550706593,0.003129243284155934,0.010676172859741937,-0.1247124451310294,-0.035119002255229896,-0.10154106327850737,0.10484874995196813,-0.03956648730363724,0.04664275718347649,0.024511022211318626,-0.04432049000556573,-0.04055270868784978,-0.0009639509727768026,-0.07091279973178503,-0.017730648476390283,-0.11140910376454684,0.05387900194380394,0.010777093362346203,0.01929924365669185,0.07548025132043046,0.08563885032073618,-0.022886498140463032,0.014361439153602574,0.02781342012008268,-0.0075554190426957366,0.04247588937593239,0.03207860646047393,0.0064259928263308815,0.06722753713980194,-0.005647994994601836,-0.002624117237240257,0.06260316024619596,-0.007549122820507463,-0.009094181108140817,0.04591638037695158,-0.0253750864059654,0.060265958787602034,-0.032166816216845175,0.05717529791666723,-0.08926844088911412,0.0029428044884195824,-0.006222776088053417,-0.00032418640144348416,0.055311502523574176,-0.02604918638251551,-0.02647990307302071,0.06511493285939801,-0.009819560430848,-0.029121064501525528,-0.062146441225411075,-0.010121692336731868,0.030935811522025198,-0.0033752126468154344,-0.0401822805655859
SNP22,0.02688485287325281,-0.04362173760003337,-0.09639934015823448,0.004022692365172152,0.009979787400102753,-0.05485524334524363,0.05610872707072122,0.04238505766512542,0.043645571695146976,0.011672595426686652,-0.03215962960876614,-0.0076768066083276075,-0.008941897700451928,0.020034426775281385,0.004982991603248772,-0.08421052947997269,-0.0399947871132003,-0.01084435230230505,-0.003907407319540112,-0.05549105607667509,-0.07541578644231753,1.0,-0.0384932727221151,-0.26164828243619215,-0.08630012850538708,-0.12874342428243038,-0.0575937442928035,-0.04540166159396293,-0.10839902607213334,-0.07125294499731323,-0.1027362872573279,-0.030655264797633423,-0.01269219720427143,-0.1171128564438185,-0.03997699382887955,-0.08547516119761109,-0.0034127099969738606,-0.0483401733956351,0.023838051927774186,-0.017097774246706304,-0.007368835308247174,0.053472024061464576,-0.08291017295235659,0.09136992381711646,0.043869711150072176,0.049645259746927704,0.01168836567082518,0.03970040013825404,-0.0033938336652643564,-0.03528142475661416,-0.03933075938010057,0.024569844873385604,0.008242473027084167,-0.006602831664008843,-0.032315081779778695,-0.022892726316003184,-0.02569845704149252,-0.015786784870486556,-0.07023192873090427,-0.047191039920776584,-0.048502888805988936,0.009249862558758088,-0.004447852608943793,0.06292902654304225,0.0176028521062941,0.03566562687606664,0.0026674211900493145,-0.006941757052335848,-0.0717965471773932,0.8632359966910893,-0.016064576129650773,-0.06244715914138968,-0.1186845240403891,0.008696802481212433,0.013797861635652785,-0.05640094782881216,0.051068922021139024,0.07634652416951404,0.0018211545722299036,0.07518200316660431,-0.011318889095388628,-0.02700904087878261,-0.002111572926158199,-0.139502152300276
